MCS = 0
    alpha  length  extinction_prob
0    0.00     100              0.0
1    0.00    1600              0.0
2    0.05     100              0.0
3    0.05    1600              0.0
4    0.10     100              0.0
5    0.10    1600              0.0
6    0.15     100              0.0
7    0.15    1600              0.0
8    0.20     100              0.0
9    0.20    1600              0.0
10   0.25     100              0.0
11   0.25    1600              0.0
12   0.30     100              0.0
13   0.30    1600              0.0
14   0.35     100              0.0
15   0.35    1600              0.0
16   0.40     100              0.0
17   0.40    1600              0.0
MCS = 1000
    alpha  length  extinction_prob
0    0.00     100         0.979469
1    0.00    1600         0.000000
2    0.05     100         0.991500
3    0.05    1600         0.000000
4    0.10     100         0.993490
5    0.10    1600         0.000000
6    0.15     100         0.994486
7    0.15    1600         0.000000
8    0.20     100         0.988972
9    0.20    1600         0.000000
10   0.25     100         0.988477
11   0.25    1600         0.000000
12   0.30     100         0.948448
13   0.30    1600         0.000000
14   0.35     100         0.839580
15   0.35    1600         0.000000
16   0.40     100         0.600000
17   0.40    1600         0.000000
MCS = 2000
    alpha  length  extinction_prob
0    0.00     100         1.000000
1    0.00    1600         0.000000
2    0.05     100         1.000000
3    0.05    1600         0.000000
4    0.10     100         1.000000
5    0.10    1600         0.000000
6    0.15     100         1.000000
7    0.15    1600         0.000000
8    0.20     100         1.000000
9    0.20    1600         0.000000
10   0.25     100         1.000000
11   0.25    1600         0.000000
12   0.30     100         1.000000
13   0.30    1600         0.000000
14   0.35     100         0.993003
15   0.35    1600         0.000000
16   0.40     100         0.885500
17   0.40    1600         0.000000
MCS = 3000
    alpha  length  extinction_prob
0    0.00     100           1.0000
1    0.00    1600           0.0000
2    0.05     100           1.0000
3    0.05    1600           0.0000
4    0.10     100           1.0000
5    0.10    1600           0.0000
6    0.15     100           1.0000
7    0.15    1600           0.0000
8    0.20     100           1.0000
9    0.20    1600           0.0000
10   0.25     100           1.0000
11   0.25    1600           0.0000
12   0.30     100           1.0000
13   0.30    1600           0.0000
14   0.35     100           1.0000
15   0.35    1600           0.0000
16   0.40     100           0.9435
17   0.40    1600           0.0000
MCS = 5000
    alpha  length  extinction_prob
0    0.00     100            1.000
1    0.00    1600            0.000
2    0.05     100            1.000
3    0.05    1600            0.000
4    0.10     100            1.000
5    0.10    1600            0.000
6    0.15     100            1.000
7    0.15    1600            0.000
8    0.20     100            1.000
9    0.20    1600            0.000
10   0.25     100            1.000
11   0.25    1600            0.020
12   0.30     100            1.000
13   0.30    1600            0.020
14   0.35     100            1.000
15   0.35    1600            0.000
16   0.40     100            0.963
17   0.40    1600            0.000
MCS = 7000
    alpha  length  extinction_prob
0    0.00     100         1.000000
1    0.00    1600         0.000000
2    0.05     100         1.000000
3    0.05    1600         0.000000
4    0.10     100         1.000000
5    0.10    1600         0.000000
6    0.15     100         1.000000
7    0.15    1600         0.254902
8    0.20     100         1.000000
9    0.20    1600         0.260000
10   0.25     100         1.000000
11   0.25    1600         0.280000
12   0.30     100         1.000000
13   0.30    1600         0.260000
14   0.35     100         1.000000
15   0.35    1600         0.000000
16   0.40     100         0.965500
17   0.40    1600         0.000000
MCS = 10000
    alpha  length  extinction_prob
0    0.00     100         1.000000
1    0.00    1600         0.000000
2    0.05     100         1.000000
3    0.05    1600         0.000000
4    0.10     100         1.000000
5    0.10    1600         0.288462
6    0.15     100         1.000000
7    0.15    1600         0.725490
8    0.20     100         1.000000
9    0.20    1600         0.800000
10   0.25     100         1.000000
11   0.25    1600         0.860000
12   0.30     100         1.000000
13   0.30    1600         0.820000
14   0.35     100         1.000000
15   0.35    1600         0.000000
16   0.40     100         0.966000
17   0.40    1600         0.000000
MCS = 25000
    alpha  length  extinction_prob
0    0.00     100            1.000
1    0.00    1600            0.000
2    0.05     100            1.000
3    0.05    1600            0.000
4    0.10     100            1.000
5    0.10    1600            1.000
6    0.15     100            1.000
7    0.15    1600            1.000
8    0.20     100            1.000
9    0.20    1600            1.000
10   0.25     100            1.000
11   0.25    1600            1.000
12   0.30     100            1.000
13   0.30    1600            1.000
14   0.35     100            1.000
15   0.35    1600            0.340
16   0.40     100            0.966
17   0.40    1600            0.000
MCS = 50000
    alpha  length  extinction_prob
0    0.00     100            1.000
1    0.00    1600            0.000
2    0.05     100            1.000
3    0.05    1600            0.000
4    0.10     100            1.000
5    0.10    1600            1.000
6    0.15     100            1.000
7    0.15    1600            1.000
8    0.20     100            1.000
9    0.20    1600            1.000
10   0.25     100            1.000
11   0.25    1600            1.000
12   0.30     100            1.000
13   0.30    1600            1.000
14   0.35     100            1.000
15   0.35    1600            0.800
16   0.40     100            0.966
17   0.40    1600            0.000
